6  9
3  14
9  13
2  18
2  9
2  8
12  14
3  18
6  15
9  7
5  19
6  15
9  6
11  4
9  10
11  17
11  4
11  19
5  6
5  7
9  18
2  18
5  19
2  7
12  10
2  19
5  13
5  16
9  13
12  6
6  16
8  10
6  5
12  19
2  6
11  9
9  19
12  15
5  18
6  13
5  6
11  7
8  9
6  15
5  10
12  4
5  9
11  7
8  16
3  18
2  7
11  14
8  17
12  4
5  7
9  5
2  14
12  9
3  13
6  5
12  5
2  4
8  10
5  5
8  9
12  7
9  10
9  15
6  16
6  16
11  6
8  5
11  14
5  15
5  10
5  9
9  18
5  14
8  13
12  15
6  16
8  4
8  8
9  10
6  17
2  5
6  5
5  15
5  17
3  9
6  8
11  18
8  5
11  7
5  19
12  8
5  15
5  7
8  19
2  5
