11 19
2 10
2 9
12 20
11 9
12 22
2 8
6 19
5 11
8 21
8 9
2 22
11 22
3 19
8 19
5 16
8 19
8 19
11 17
2 12
3 12
3 12
5 19
12 16
8 16
6 16
12 13
3 16
8 12
8 8
11 21
11 22
11 7
6 7
8 13
12 18
6 17
12 7
9 22
9 16
5 17
5 10
5 20
12 22
11 17
2 8
11 9
9 11
2 12
9 12
8 7
2 18
9 18
12 13
3 13
6 10
8 13
12 11
6 13
6 7
9 16
3 17
3 17
8 10
5 7
8 8
6 19
11 10
9 18
2 11
6 22
5 9
5 10
5 17
11 7
6 9
11 20
11 18
8 8
8 11
11 18
9 11
5 16
8 20
5 18
8 22
12 22
2 18
2 8
9 21
12 10
8 16
11 18
5 21
8 22
2 17
5 21
5 11
8 19
5 9
